5327
8392
6513
146
5271
3513
425
6720
1834
7302
2418
25
9102
169
939
7916
6939
638
9927
1895
5935
8314
9273
7451
850
6220
7211
1749
2835
7086
4478
9198
2433
1271
1420
3681
7191
561
7065
8916
6527
819
8984
757
4823
8794
378
1730
608
2937
65
4325
2515
5753
4514
9546
7342
9902
2729
4799
5996
1065
2262
7879
3827
1555
1030
5642
5847
9517
8941
973
4732
193
8318
5785
4984
3316
8429
9291
1575
2346
5323
7319
9544
6262
4177
6794
8197
1485
1065
2811
8288
7622
6693
6524
3880
480
7762
1603
