8545
5911
1032
8538
5944
4782
8153
9116
3137
1673
5058
4286
7739
5788
8211
15
3532
186
4799
51
6946
2570
4255
1130
7637
4229
1220
961
6536
5130
7124
1284
7902
3406
6902
2094
5289
4019
4360
2703
1533
2500
9053
5464
7011
2650
8213
4438
2442
6638
6052
1833
792
6124
1508
7520
7359
5392
3510
4771
8970
8191
7252
29
3590
2693
6450
9332
4414
2182
3843
965
6206
4435
7496
4289
7561
9964
931
7342
2454
364
5674
5243
2437
3989
4438
741
6080
7753
939
1327
508
1090
3666
4657
3631
9151
8834
175
