3909
8633
4226
3143
3980
2525
6504
5893
5211
3609
3295
8862
8042
3373
7802
1917
1874
4758
4967
7206
4735
1961
6840
879
8400
220
827
7717
731
9984
2933
2668
8030
3230
4366
3670
6689
4557
3382
3983
7655
7198
1062
8707
4244
8948
5488
8765
312
2387
5752
3533
9768
9284
1356
9300
254
466
9247
9007
3175
6660
387
4078
458
6775
3460
8368
3257
8919
402
6637
1791
8491
5191
2895
1770
1386
2695
9710
194
1549
1716
1975
7575
7859
6001
8232
1241
4139
5487
9034
400
1809
1363
2091
2268
1928
6904
1560
