4142
8621
6823
2302
9631
1173
5016
8783
8212
4580
967
5739
4517
6595
6785
2691
9442
9713
3180
2714
3320
5181
1889
7529
8045
6190
9540
8013
9717
3391
244
174
3206
8633
9854
9980
4105
4127
4972
9624
3111
6128
9915
3148
9299
7949
1082
8056
5575
1784
2462
1098
8982
7764
8642
6329
224
3807
7260
7135
6148
633
3563
2768
1455
3247
5693
3723
4435
153
3660
9244
4708
8748
5704
3451
9675
9852
6576
7413
541
8002
6458
948
8102
5910
6242
1614
335
7353
9167
9783
8703
7090
7825
7316
9181
99
3143
4125
